RS	station	elevation
0.0	0.0	3.653
0.0	0.576	3.941
0.0	3.576	3.941
0.0	6.484	2.002
0.0	8.643	2.002
0.0	8.884	2.002
0.0	8.884	-0.798
0.0	9.884	-0.798
0.0	110.483	-0.798
0.0	110.483	2.002
0.0	110.97	2.002
0.0	112.883	2.002
0.0	115.791	3.941
0.0	118.791	3.941
0.0	119.69	3.491
53.09	0.0	0.29
53.09	7.299	3.94
53.09	10.299	3.94
53.09	13.224	1.99
53.09	15.374	1.99
53.09	15.374	3.19
53.09	15.624	3.19
53.09	15.624	1.99
53.09	15.624	-0.81
53.09	26.589	-0.806
53.09	66.622	-0.81
53.09	66.622	1.99
53.09	66.622	3.19
53.09	66.872	3.19
53.09	66.872	1.99
53.09	69.022	1.99
53.09	71.947	3.94
53.09	74.947	3.94
53.09	78.954	1.936
100.0	0.0	0.803
100.0	6.272	3.939
100.0	9.272	3.939
100.0	12.21	1.98
100.0	14.36	1.98
100.0	14.36	3.18
100.0	14.61	3.18
100.0	14.61	1.98
100.0	14.61	-0.82
100.0	25.82	-0.82
100.0	44.609	-0.82
100.0	44.609	1.98
100.0	44.609	3.18
100.0	44.859	3.18
100.0	44.859	1.98
100.0	47.009	1.98
100.0	49.948	3.939
100.0	52.948	3.939
100.0	55.538	2.644
148.09	0.0	0.795
148.09	6.272	3.931
148.09	9.272	3.931
148.09	12.21	1.972
148.09	14.36	1.972
148.09	14.36	3.172
148.09	14.61	3.172
148.09	14.61	1.972
148.09	14.61	-0.828
148.09	25.82	-0.828
148.09	44.609	-0.828
148.09	44.609	1.972
148.09	44.609	3.172
148.09	44.859	3.172
148.09	44.859	1.972
148.09	47.009	1.972
148.09	49.948	3.931
148.09	52.948	3.931
148.09	55.538	2.636
182.47	0.0	0.431
182.47	6.998	3.93
182.47	9.998	3.93
182.47	12.713	2.12
182.47	14.863	2.12
182.47	14.863	3.32
182.47	15.113	3.32
182.47	15.113	2.12
182.47	15.113	-0.68
182.47	26.323	-0.68
182.47	45.112	-0.68
182.47	45.112	2.12
182.47	45.112	3.32
182.47	45.362	3.32
182.47	45.362	2.12
182.47	47.512	2.12
182.47	50.231	3.93
182.47	53.231	3.93
182.47	59.269	0.911
230.53	0.0	0.954
230.53	5.952	3.93
230.53	8.952	3.93
230.53	11.922	1.95
230.53	14.072	1.95
230.53	14.072	3.15
230.53	14.322	3.15
230.53	14.322	1.95
230.53	14.322	-0.85
230.53	25.531	-0.85
230.53	44.32	-0.85
230.53	44.32	1.95
230.53	44.32	3.15
230.53	44.57	3.15
230.53	44.57	1.95
230.53	46.72	1.95
230.53	49.689	3.93
230.53	52.689	3.93
230.53	59.039	0.755
268.38	0.0	1.532
268.38	4.668	3.922
268.38	7.668	3.922
268.38	10.653	1.932
268.38	12.803	1.932
268.38	12.803	3.132
268.38	13.053	3.132
268.38	13.053	1.932
268.38	13.053	-0.868
268.38	24.263	-0.868
268.38	43.052	-0.868
268.38	43.052	1.932
268.38	43.052	3.132
268.38	43.302	3.132
268.38	43.302	1.932
268.38	45.452	1.932
268.38	48.439	3.922
268.38	51.439	3.922
268.38	54.766	2.252
305.55	0.0	2.144
305.55	3.572	3.93
305.55	6.572	3.93
305.55	9.572	1.93
305.55	11.722	1.93
305.55	11.722	3.13
305.55	11.972	3.13
305.55	11.972	1.93
305.55	11.972	-0.87
305.55	23.182	-0.87
305.55	41.971	-0.87
305.55	41.971	1.93
305.55	41.971	3.13
305.55	42.221	3.13
305.55	42.221	1.93
305.55	44.371	1.93
305.55	47.375	3.93
305.55	50.375	3.93
305.55	56.352	0.941
376.59	0.0	1.451
376.59	4.958	3.93
376.59	7.958	3.93
376.59	10.973	1.92
376.59	13.123	1.92
376.59	13.123	3.12
376.59	13.373	3.12
376.59	13.373	1.92
376.59	13.373	-0.88
376.59	24.582	-0.88
376.59	43.372	-0.88
376.59	43.372	1.92
376.59	43.372	3.12
376.59	43.622	3.12
376.59	43.622	1.92
376.59	45.772	1.92
376.59	48.792	3.93
376.59	51.792	3.93
376.59	55.952	1.85
415.05	0.0	0.542
415.05	6.76	3.922
415.05	9.76	3.922
415.05	12.79	1.902
415.05	14.94	1.902
415.05	14.94	3.102
415.05	15.19	3.102
415.05	15.19	1.902
415.05	15.19	-0.898
415.05	26.399	-0.898
415.05	45.189	-0.898
415.05	45.189	1.902
415.05	45.189	3.102
415.05	45.439	3.102
415.05	45.439	1.902
415.05	47.589	1.902
415.05	50.618	3.922
415.05	53.618	3.922
415.05	57.037	2.212
475.77	0.0	1.949
475.77	3.961	3.93
475.77	6.961	3.93
475.77	10.006	1.9
475.77	12.156	1.9
475.77	12.156	3.1
475.77	12.406	3.1
475.77	12.406	1.9
475.77	12.406	-0.9
475.77	23.615	-0.9
475.77	42.405	-0.9
475.77	42.405	1.9
475.77	42.405	3.1
475.77	42.655	3.1
475.77	42.655	1.9
475.77	44.805	1.9
475.77	47.856	3.951
475.77	50.856	3.951
475.77	57.272	0.743
523.74	0.0	0.788
523.74	6.283	3.93
523.74	9.283	3.93
523.74	12.343	1.89
523.74	14.493	1.89
523.74	14.493	3.09
523.74	14.743	3.09
523.74	14.743	1.89
523.74	14.743	-0.91
523.74	25.953	-0.91
523.74	44.742	-0.91
523.74	44.742	1.89
523.74	44.742	3.09
523.74	44.992	3.09
523.74	44.992	1.89
523.74	47.142	1.89
523.74	50.206	3.93
523.74	53.206	3.93
523.74	56.849	2.108
575.57	0.0	0.368
575.57	7.109	3.922
575.57	10.109	3.922
575.57	13.169	1.882
575.57	15.319	1.882
575.57	15.319	3.082
575.57	15.569	3.082
575.57	15.569	1.882
575.57	15.569	-0.918
575.57	26.778	-0.918
575.57	45.567	-0.918
575.57	45.568	1.882
575.57	45.568	3.082
575.57	45.818	3.082
575.57	45.818	1.882
575.57	47.967	1.882
575.57	51.027	3.925
575.57	54.027	3.925
575.57	58.748	1.565
624.87	0.0	0.165
624.87	7.513	3.922
624.87	10.513	3.922
624.87	13.588	1.872
624.87	15.738	1.872
624.87	15.738	3.072
624.87	15.988	3.072
624.87	15.988	1.872
624.87	15.988	-0.928
624.87	27.197	-0.928
624.87	45.987	-0.928
624.87	45.987	1.872
624.87	45.987	3.072
624.87	46.237	3.072
624.87	46.237	1.872
624.87	48.387	1.872
624.87	51.465	3.922
624.87	54.465	3.922
624.87	60.243	1.033
676.1	0.0	0.401
676.1	7.042	3.922
676.1	10.042	3.922
676.1	13.132	1.862
676.1	15.282	1.862
676.1	15.282	3.062
676.1	15.532	3.062
676.1	15.532	1.862
676.1	15.532	-0.938
676.1	26.741	-0.938
676.1	45.531	-0.938
676.1	45.531	1.862
676.1	45.531	3.062
676.1	45.781	3.062
676.1	45.781	1.862
676.1	47.931	1.862
676.1	51.021	3.922
676.1	54.021	3.922
676.1	59.714	1.076
725.4	0.0	0.669
725.4	6.506	3.922
725.4	9.506	3.922
725.4	12.611	1.852
725.4	14.761	1.852
725.4	14.761	3.052
725.4	15.011	3.052
725.4	15.011	1.852
725.4	15.011	-0.948
725.4	26.221	-0.948
725.4	45.01	-0.948
725.4	45.01	1.852
725.4	45.01	3.052
725.4	45.26	3.052
725.4	45.26	1.852
725.4	47.41	1.852
725.4	50.519	3.922
725.4	53.519	3.922
725.4	60.339	0.512
776.7	0.0	0.911
776.7	6.022	3.922
776.7	9.022	3.922
776.7	12.142	1.842
776.7	14.292	1.842
776.7	14.292	3.042
776.7	14.542	3.042
776.7	14.542	1.842
776.7	14.542	-0.958
776.7	25.752	-0.958
776.7	44.541	-0.958
776.7	44.541	1.842
776.7	44.541	3.042
776.7	44.791	3.042
776.7	44.791	1.842
776.7	46.941	1.842
776.7	50.06	3.922
776.7	53.06	3.922
776.7	59.859	0.523
854.47	0.0	0.768
854.47	6.308	3.922
854.47	9.308	3.922
854.47	12.443	1.832
854.47	14.593	1.832
854.47	14.593	3.032
854.47	14.843	3.032
854.47	14.843	1.832
854.47	14.843	-0.968
854.47	26.052	-0.968
854.47	44.841	-0.968
854.47	44.841	1.832
854.47	44.841	3.032
854.47	45.091	3.032
854.47	45.091	1.832
854.47	47.241	1.832
854.47	50.38	3.922
854.47	53.38	3.922
854.47	57.512	1.856
876.84	0.0	0.973
876.84	5.897	3.922
876.84	8.897	3.922
876.84	12.047	1.822
876.84	14.197	1.822
876.84	14.197	3.022
876.84	14.447	3.022
876.84	14.447	1.822
876.84	14.447	-0.978
876.84	25.657	-0.978
876.84	44.446	-0.978
876.84	44.446	1.822
876.84	44.446	3.022
876.84	44.696	3.022
876.84	44.696	1.822
876.84	46.846	1.822
876.84	49.994	3.922
876.84	52.994	3.922
876.84	58.32	1.259
925.98	0.0	0.735
925.98	6.373	3.922
925.98	9.373	3.922
925.98	12.523	1.822
925.98	14.673	1.822
925.98	14.673	3.022
925.98	14.923	3.022
925.98	14.923	1.822
925.98	14.923	-0.978
925.98	26.133	-0.978
925.98	44.922	-0.978
925.98	44.922	1.822
925.98	44.922	3.022
925.98	45.172	3.022
925.98	45.172	1.822
925.98	47.322	1.822
925.98	50.476	3.922
925.98	53.476	3.922
925.98	59.598	0.861
976.98	0.0	0.432
976.98	6.956	3.91
976.98	9.956	3.91
976.98	13.121	1.8
976.98	15.271	1.8
976.98	15.271	3.0
976.98	15.521	3.0
976.98	15.521	1.8
976.98	15.521	-1.0
976.98	26.73	-1.0
976.98	45.52	-1.0
976.98	45.52	1.8
976.98	45.52	3.0
976.98	45.77	3.0
976.98	45.77	1.8
976.98	47.92	1.8
976.98	51.09	3.91
976.98	54.09	3.91
976.98	60.668	0.621
1033.79	0.0	0.157
1033.79	7.506	3.91
1033.79	10.506	3.91
1033.79	13.686	1.79
1033.79	15.836	1.79
1033.79	15.836	2.99
1033.79	16.086	2.99
1033.79	16.086	1.79
1033.79	16.086	-1.01
1033.79	27.296	-1.01
1033.79	46.085	-1.01
1033.79	46.085	1.79
1033.79	46.085	2.99
1033.79	46.335	2.99
1033.79	46.335	1.79
1033.79	48.485	1.79
1033.79	51.669	3.91
1033.79	54.669	3.91
1033.79	61.176	0.656
1076.46	0.0	0.383
1076.46	7.057	3.911
1076.46	10.057	3.911
1076.46	13.237	1.79
1076.46	15.387	1.79
1076.46	15.387	2.99
1076.46	15.637	2.99
1076.46	15.637	1.79
1076.46	15.637	-1.01
1076.46	26.847	-1.01
1076.46	45.636	-1.01
1076.46	45.636	1.79
1076.46	45.636	2.99
1076.46	45.886	2.99
1076.46	45.886	1.79
1076.46	48.036	1.79
1076.46	51.219	3.911
1076.46	54.219	3.911
1076.46	60.756	0.642
1104.84	0.0	0.59
1104.84	6.64	3.91
1104.84	9.64	3.91
1104.84	12.85	1.77
1104.84	15.0	1.77
1104.84	15.0	2.97
1104.84	15.25	2.97
1104.84	15.25	1.77
1104.84	15.25	-1.03
1104.84	26.459	-1.03
1104.84	45.249	-1.03
1104.84	45.249	1.77
1104.84	45.249	2.97
1104.84	45.499	2.97
1104.84	45.499	1.77
1104.84	47.649	1.77
1104.84	50.862	3.91
1104.84	53.862	3.91
1104.84	60.224	0.729
1177.03	0.0	2.841
1177.03	2.139	3.91
1177.03	5.139	3.91
1177.03	8.364	1.76
1177.03	10.464	1.76
1177.03	10.464	2.67
1177.03	10.764	2.67
1177.03	10.764	1.47
1177.03	10.764	-1.046
1177.03	40.762	-1.046
1177.03	40.762	1.47
1177.03	40.762	2.674
1177.03	41.064	2.674
1177.03	41.064	1.764
1177.03	43.162	1.764
1177.03	46.389	3.91
1177.03	49.389	3.91
1177.03	55.983	0.613
1222.0	0.0	2.841
1222.0	2.139	3.91
1222.0	5.139	3.91
1222.0	8.364	1.76
1222.0	10.464	1.76
1222.0	10.464	2.67
1222.0	10.764	2.67
1222.0	10.764	1.47
1222.0	10.764	-1.046
1222.0	40.762	-1.046
1222.0	40.762	1.47
1222.0	40.762	2.674
1222.0	41.064	2.674
1222.0	41.064	1.764
1222.0	43.162	1.764
1222.0	46.389	3.91
1222.0	49.389	3.91
1222.0	55.983	0.613
1277.85	0.0	0.807
1277.85	6.206	3.91
1277.85	9.206	3.91
1277.85	12.461	1.74
1277.85	14.561	1.74
1277.85	14.561	2.65
1277.85	14.861	2.65
1277.85	14.861	1.45
1277.85	14.861	-1.066
1277.85	44.86	-1.066
1277.85	44.86	1.45
1277.85	44.86	2.654
1277.85	45.161	2.654
1277.85	45.161	1.744
1277.85	47.26	1.744
1277.85	50.513	3.91
1277.85	53.513	3.91
1277.85	59.947	0.693
1322.91	0.0	1.123
1322.91	5.573	3.91
1322.91	8.573	3.91
1322.91	11.828	1.74
1322.91	13.928	1.74
1322.91	13.928	2.65
1322.91	14.228	2.65
1322.91	14.228	1.45
1322.91	14.228	-1.066
1322.91	44.227	-1.066
1322.91	44.227	1.45
1322.91	44.227	2.654
1322.91	44.528	2.654
1322.91	44.528	1.744
1322.91	46.627	1.744
1322.91	49.886	3.91
1322.91	52.886	3.91
1322.91	59.447	0.593
1376.44	0.0	1.61
1376.44	4.579	3.9
1376.44	7.579	3.9
1376.44	10.85	1.72
1376.44	12.949	1.72
1376.44	12.949	2.63
1376.44	13.249	2.63
1376.44	13.249	1.43
1376.44	13.25	-1.086
1376.44	43.248	-1.086
1376.44	43.248	1.43
1376.44	43.248	2.634
1376.44	43.549	2.634
1376.44	43.549	1.724
1376.44	45.648	1.724
1376.44	48.923	3.9
1376.44	51.923	3.9
1376.44	58.469	0.573
1423.08	0.0	0.866
1423.08	6.068	3.9
1423.08	9.068	3.9
1423.08	12.338	1.72
1423.08	14.438	1.72
1423.08	14.438	2.63
1423.08	14.738	2.63
1423.08	14.738	1.43
1423.08	14.738	-1.086
1423.08	44.737	-1.086
1423.08	44.737	1.43
1423.08	44.737	2.634
1423.08	45.038	2.634
1423.08	45.038	1.724
1423.08	47.137	1.724
1423.08	50.41	3.9
1423.08	53.41	3.9
1423.08	60.39	0.41
1476.03	0.0	2.659
1476.03	2.481	3.9
1476.03	5.481	3.9
1476.03	8.781	1.7
1476.03	10.881	1.7
1476.03	10.881	2.61
1476.03	11.181	2.61
1476.03	11.181	1.41
1476.03	11.181	-1.106
1476.03	41.18	-1.106
1476.03	41.18	1.41
1476.03	41.18	2.614
1476.03	41.481	2.614
1476.03	41.481	1.704
1476.03	43.58	1.704
1476.03	46.874	3.9
1476.03	49.874	3.9
1476.03	53.439	2.118
1523.24	0.0	1.124
1523.24	5.553	3.9
1523.24	8.553	3.9
1523.24	11.853	1.7
1523.24	13.953	1.7
1523.24	13.953	2.61
1523.24	14.253	2.61
1523.24	14.253	1.41
1523.24	14.253	-1.106
1523.24	44.252	-1.106
1523.24	44.252	1.41
1523.24	44.252	2.614
1523.24	44.553	2.614
1523.24	44.553	1.704
1523.24	46.652	1.704
1523.24	49.942	3.9
1523.24	52.942	3.9
1523.24	59.957	0.393
1576.36	0.0	1.914
1576.36	3.972	3.9
1576.36	6.972	3.9
1576.36	10.302	1.68
1576.36	12.402	1.68
1576.36	12.402	2.59
1576.36	12.702	2.59
1576.36	12.702	1.39
1576.36	12.702	-1.126
1576.36	42.701	-1.126
1576.36	42.701	1.39
1576.36	42.701	2.594
1576.36	43.002	2.594
1576.36	43.002	1.684
1576.36	45.101	1.684
1576.36	48.425	3.9
1576.36	51.425	3.9
1576.36	56.72	1.253
1623.32	0.0	0.715
1623.32	6.371	3.9
1623.32	9.371	3.9
1623.32	12.701	1.68
1623.32	14.801	1.68
1623.32	14.801	2.59
1623.32	15.101	2.59
1623.32	15.101	1.39
1623.32	15.101	-1.126
1623.32	45.1	-1.126
1623.32	45.1	1.39
1623.32	45.1	2.594
1623.32	45.401	2.594
1623.32	45.401	1.684
1623.32	47.5	1.684
1623.32	50.833	3.9
1623.32	53.833	3.9
1623.32	61.377	0.128
1672.6	0.0	0.888
1672.6	6.028	3.902
1672.6	9.028	3.902
1672.6	12.388	1.662
1672.6	14.488	1.662
1672.6	14.488	2.572
1672.6	14.788	2.572
1672.6	14.788	1.372
1672.6	14.788	-1.145
1672.6	44.787	-1.145
1672.6	44.787	1.372
1672.6	44.787	2.576
1672.6	45.088	2.576
1672.6	45.088	1.666
1672.6	47.187	1.666
1672.6	50.55	3.902
1672.6	53.55	3.902
1672.6	58.936	1.208
1723.35	0.0	0.936
1723.35	5.928	3.9
1723.35	8.928	3.9
1723.35	12.288	1.66
1723.35	14.388	1.66
1723.35	14.388	2.57
1723.35	14.688	2.57
1723.35	14.688	1.37
1723.35	14.688	-1.146
1723.35	44.687	-1.146
1723.35	44.687	1.37
1723.35	44.687	2.574
1723.35	44.988	2.574
1723.35	44.988	1.664
1723.35	47.087	1.664
1723.35	50.45	3.9
1723.35	53.45	3.9
1723.35	60.608	0.321
1775.4	0.0	1.114
1775.4	5.551	3.89
1775.4	8.551	3.89
1775.4	11.926	1.64
1775.4	14.026	1.64
1775.4	14.026	2.55
1775.4	14.326	2.55
1775.4	14.326	1.35
1775.4	14.326	-1.166
1775.4	44.325	-1.166
1775.4	44.325	1.35
1775.4	44.325	2.554
1775.4	44.626	2.554
1775.4	44.626	1.644
1775.4	46.725	1.644
1775.4	50.103	3.89
1775.4	53.103	3.89
1775.4	57.169	1.857
1824.14	0.0	1.111
1824.14	5.558	3.89
1824.14	8.558	3.89
1824.14	11.933	1.64
1824.14	14.033	1.64
1824.14	14.033	2.55
1824.14	14.333	2.55
1824.14	14.333	1.35
1824.14	14.333	-1.166
1824.14	44.331	-1.166
1824.14	44.331	1.35
1824.14	44.331	2.554
1824.14	44.633	2.554
1824.14	44.633	1.644
1824.14	46.731	1.644
1824.14	50.11	3.89
1824.14	53.11	3.89
1824.14	59.914	0.488
1880.37	0.0	0.621
1880.37	6.537	3.89
1880.37	9.537	3.89
1880.37	12.942	1.62
1880.37	15.042	1.62
1880.37	15.042	2.53
1880.37	15.342	2.53
1880.37	15.342	1.33
1880.37	15.342	-1.186
1880.37	45.341	-1.186
1880.37	45.341	1.33
1880.37	45.341	2.534
1880.37	45.642	2.534
1880.37	45.642	1.624
1880.37	47.741	1.624
1880.37	51.151	3.89
1880.37	54.151	3.89
1880.37	59.616	1.157
1925.56	0.0	0.733
1925.56	6.313	3.89
1925.56	9.313	3.89
1925.56	12.718	1.62
1925.56	14.818	1.62
1925.56	14.818	2.53
1925.56	15.118	2.53
1925.56	15.118	1.33
1925.56	15.118	-1.186
1925.56	45.117	-1.186
1925.56	45.117	1.33
1925.56	45.117	2.534
1925.56	45.418	2.534
1925.56	45.418	1.624
1925.56	47.517	1.624
1925.56	50.926	3.89
1925.56	53.926	3.89
1925.56	61.314	0.196
1982.02	0.0	1.316
1982.02	5.148	3.89
1982.02	8.148	3.89
1982.02	11.583	1.6
1982.02	13.683	1.6
1982.02	13.683	2.51
1982.02	13.983	2.51
1982.02	13.983	1.31
1982.02	13.983	-1.206
1982.02	43.982	-1.206
1982.02	43.982	1.31
1982.02	43.982	2.514
1982.02	44.283	2.514
1982.02	44.283	1.604
1982.02	46.382	1.604
1982.02	49.817	3.89
1982.02	52.817	3.89
1982.02	59.663	0.467
2028.97	0.0	1.251
2028.97	5.278	3.89
2028.97	8.278	3.89
2028.97	11.713	1.6
2028.97	13.813	1.6
2028.97	13.813	2.51
2028.97	14.113	2.51
2028.97	14.113	1.31
2028.97	14.113	-1.206
2028.97	44.112	-1.206
2028.97	44.112	1.31
2028.97	44.112	2.514
2028.97	44.413	2.514
2028.97	44.413	1.604
2028.97	46.512	1.604
2028.97	49.95	3.89
2028.97	52.95	3.89
2028.97	60.778	-0.024
2068.81	0.0	1.238
2068.81	5.304	3.89
2068.81	8.304	3.89
2068.81	11.769	1.58
2068.81	13.869	1.58
2068.81	13.869	2.49
2068.81	14.169	2.49
2068.81	14.169	1.29
2068.81	14.169	-1.226
2068.81	44.168	-1.226
2068.81	44.168	1.29
2068.81	44.168	2.494
2068.81	44.469	2.494
2068.81	44.469	1.584
2068.81	46.568	1.584
2068.81	50.034	3.89
2068.81	53.034	3.89
2068.81	59.033	0.891
2113.71	0.0	0.967
2113.71	5.846	3.89
2113.71	8.846	3.89
2113.71	12.311	1.58
2113.71	14.411	1.58
2113.71	14.411	2.49
2113.71	14.711	2.49
2113.71	14.711	1.29
2113.71	14.711	-1.226
2113.71	44.709	-1.226
2113.71	44.709	1.29
2113.71	44.709	2.494
2113.71	45.011	2.494
2113.71	45.011	1.584
2113.71	47.109	1.584
2113.71	50.578	3.89
2113.71	53.578	3.89
2113.71	60.593	0.383
2169.19	0.0	1.129
2169.19	5.521	3.89
2169.19	8.521	3.89
2169.19	12.016	1.56
2169.19	14.116	1.56
2169.19	14.116	2.47
2169.19	14.416	2.47
2169.19	14.416	1.27
2169.19	14.416	-1.246
2169.19	44.415	-1.246
2169.19	44.415	1.27
2169.19	44.415	2.474
2169.19	44.716	2.474
2169.19	44.716	1.564
2169.19	46.815	1.564
2169.19	50.312	3.89
2169.19	53.312	3.89
2169.19	57.833	1.63
2213.99	0.0	0.652
2213.99	6.475	3.89
2213.99	9.475	3.89
2213.99	12.97	1.56
2213.99	15.07	1.56
2213.99	15.07	2.47
2213.99	15.37	2.47
2213.99	15.37	1.27
2213.99	15.37	-1.246
2213.99	45.369	-1.246
2213.99	45.369	1.27
2213.99	45.369	2.474
2213.99	45.67	2.474
2213.99	45.67	1.564
2213.99	47.769	1.564
2213.99	51.268	3.89
2213.99	54.268	3.89
2213.99	61.642	0.203
2268.0	0.0	1.207
2268.0	5.369	3.89
2268.0	8.369	3.89
2268.0	11.894	1.54
2268.0	13.994	1.54
2268.0	13.994	2.45
2268.0	14.294	2.45
2268.0	14.294	1.25
2268.0	14.294	-1.266
2268.0	44.293	-1.266
2268.0	44.293	1.25
2268.0	44.293	2.454
2268.0	44.594	2.454
2268.0	44.594	1.544
2268.0	46.693	1.544
2268.0	50.222	3.89
2268.0	53.222	3.89
2268.0	59.07	0.966
2314.04	0.0	1.248
2314.04	5.284	3.89
2314.04	8.284	3.89
2314.04	11.809	1.54
2314.04	13.909	1.54
2314.04	13.909	2.45
2314.04	14.209	2.45
2314.04	14.209	1.25
2314.04	14.209	-1.266
2314.04	44.208	-1.266
2314.04	44.208	1.25
2314.04	44.208	2.454
2314.04	44.509	2.454
2314.04	44.509	1.544
2314.04	46.608	1.544
2314.04	50.136	3.89
2314.04	53.136	3.89
2314.04	60.049	0.434
