0	-17.60 255.76
0	-14.30 255.75
0	-4.80 255.64
0	-4.70 251.15
0	-4.60 250.40
0	-2.00 250.41
0	3.00 250.40
0	5.00 250.49
0	6.30 251.79
0	6.40 255.55
0	9.70 255.40
0	16.00 255.54
0	18.90 255.61
0	20.70 255.66
0	21.90 256.05
697	-20.10 236.15
697	-17.90 236.70
697	-17.90 236.01
697	-13.60 236.34
697	-5.70 229.05
697	-5.70 236.39
697	-3.60 228.17
697	-0.00 228.12
697	3.00 228.23
697	5.40 228.36
697	5.40 236.49
697	14.10 237.04
697	18.70 237.58
697	21.60 237.86
697	29.20 244.80
697	32.70 245.15
697	33.00 245.91
697	42.70 245.91
697	42.70 247.75
697	45.40 247.63
697	49.30 247.73
15346	-50.00 105.10
15346	-45.90 105.08
15346	-45.60 104.31
15346	-35.90 104.21
15346	-34.80 103.19
15346	-33.30 103.14
15346	-32.30 104.04
15346	-31.00 104.04
15346	-24.30 104.00
15346	-19.40 40104.06
15346	-19.00 40097.55
15346	-18.80 97.02
15346	-18.80 97.55
15346	-15.00 96.50
15346	-10.00 95.83
15346	-6.40 95.80
15346	-3.00 95.76
15346	0.00 95.75
15346	3.00 96.00
15346	10.50 40095.91
15346	10.50 96.40
15346	11.40 96.40
15346	11.40 40099.82
15346	15.70 40099.81
15346	15.80 40104.09
15346	19.20 104.10
15346	34.00 104.65
15346	53.20 105.69
19558	-48.40 80.77
19558	-43.90 80.99
19558	-32.50 81.34
19558	-14.30 40082.01
19558	-14.00 40073.40
19558	-11.00 73.31
19558	-8.00 73.24
19558	-5.00 73.23
19558	-0.00 73.25
19558	3.00 73.25
19558	6.00 73.30
19558	10.50 73.50
19558	13.80 74.65
19558	14.10 82.37
19558	26.80 81.92
19558	31.30 82.25
19558	35.60 82.26
19558	36.10 82.70
19558	40.01 82.85
19558	58.00 82.85
22583	-42.60 69.96
22583	-29.30 70.65
22583	-14.50 71.47
22583	-0.00 72.02
22583	3.00 72.01
22583	7.00 72.08
22583	10.20 40072.20
22583	10.70 40063.28
22583	15.70 20062.68
22583	17.70 62.28
22583	20.70 62.28
22583	24.00 62.08
22583	27.00 61.78
22583	32.00 61.48
22583	37.00 60.58
22583	40.50 59.88
22583	45.00 59.78
22583	48.00 59.88
22583	49.60 20062.68
22583	50.30 40064.08
22583	50.70 64.08
22583	51.20 40072.36
22583	60.40 72.36
22583	84.60 72.49
22583	90.00 72.40
25101	-77.60 60.38
25101	-74.30 60.55
25101	-63.30 60.37
25101	-43.40 60.32
25101	-38.10 58.85
25101	-38.10 40060.40
25101	-36.40 57.64
25101	-36.40 58.85
25101	-36.20 57.63
25101	-27.40 54.12
25101	-26.80 54.12
25101	-26.50 40051.41
25101	-21.20 50.83
25101	-20.70 49.45
25101	-17.00 49.45
25101	-12.00 49.85
25101	-6.00 49.55
25101	0.00 49.55
25101	2.00 50.72
25101	15.40 51.11
25101	19.10 51.32
25101	24.40 40052.81
25101	24.90 52.81
25101	34.90 56.85
25101	35.10 40056.85
25101	40.70 40057.05
25101	40.70 58.30
25101	41.90 40058.30
25101	41.90 59.72
25101	52.80 59.51
25101	66.40 58.92
25101	83.70 58.23
2658	-31.50 200.97
2658	-30.40 201.10
2658	-22.40 201.21
2658	-12.87 201.43
2658	-5.60 40201.55
2658	-5.50 40196.75
2658	-3.00 196.70
2658	-0.00 196.65
2658	2.60 196.40
2658	4.60 196.35
2658	6.60 40196.35
2658	6.70 40201.55
2658	12.80 201.44
2658	15.60 201.51
2658	16.20 201.46
2658	18.30 200.63
2658	22.80 200.64
2658	36.10 200.55
2658	37.90 200.31
27080	-50.00 50.05
27080	-41.62 49.82
27080	-40.00 50.01
27080	-26.90 49.45
27080	-25.00 49.10
27080	-20.00 48.86
27080	-16.30 48.64
27080	-9.90 48.69
27080	-8.50 48.27
27080	-6.40 48.31
27080	-5.10 48.03
27080	-0.00 48.06
27080	1.60 20047.90
27080	3.30 47.56
27080	7.00 47.45
27080	11.00 47.50
27080	14.00 47.40
27080	17.40 47.43
27080	23.50 47.25
27080	26.00 47.35
27080	29.30 47.49
27080	34.30 46.63
27080	40.00 47.33
27080	45.00 46.68
27080	48.00 46.87
27080	51.60 43.19
27080	53.70 43.75
27080	57.30 44.95
27080	60.00 45.60
27080	63.30 46.13
27080	69.20 47.25
27080	70.60 20047.90
27080	71.60 49.72
27080	75.60 40049.90
27080	83.20 54.70
27080	86.00 40054.71
27080	92.00 54.75
27080	100.00 54.50
28044	-9.80 46.74
28044	-8.00 45.54
28044	-6.00 45.54
28044	-4.00 46.74
28044	-2.00 48.38
28044	-1.60 48.62
28044	0.00 48.64
28044	2.20 48.48
28044	4.60 46.90
28044	8.90 40046.80
28044	9.70 46.82
28044	13.80 44.96
28044	14.70 44.94
28044	14.80 44.50
28044	15.10 44.50
28044	15.10 40043.99
28044	17.00 44.00
28044	19.80 42.46
28044	22.30 42.85
28044	23.20 42.85
28044	26.00 42.46
28044	28.00 42.30
28044	30.00 42.25
28044	36.00 42.24
28044	47.00 42.30
28044	60.00 42.34
28044	76.00 42.34
28044	88.00 42.70
28044	90.20 42.72
28044	91.50 42.08
28044	94.50 42.12
28044	95.30 42.52
28044	102.80 42.55
28044	105.80 43.09
28044	119.00 43.43
28044	124.30 43.43
28044	127.20 43.05
28044	128.80 42.44
28044	129.50 42.30
28044	130.00 42.28
28044	131.00 43.58
30722	-61.00 42.17
30722	-50.00 45.20
30722	-50.00 42.18
30722	-48.00 45.18
30722	-45.80 45.10
30722	-42.60 44.90
30722	-28.40 40038.60
30722	-28.40 40045.08
30722	-20.30 38.34
30722	-10.00 38.00
30722	-7.00 37.85
30722	-0.00 37.73
30722	4.00 37.81
30722	8.80 37.98
30722	20.60 38.00
30722	22.30 38.54
30722	29.60 40038.60
30722	29.60 40045.28
30722	36.10 45.31
30722	65.40 45.66
30722	82.10 46.16
30722	90.00 46.50
33300	-47.00 38.00
33300	-46.20 37.05
33300	-41.80 37.00
33300	-37.00 37.41
33300	-34.30 37.52
33300	-25.80 38.60
33300	-24.60 31.77
33300	-24.60 40038.65
33300	-23.60 40031.76
33300	-18.70 30.80
33300	-13.80 30.55
33300	-8.00 30.40
33300	-4.00 30.40
33300	-0.00 30.38
33300	4.00 30.35
33300	8.00 30.35
33300	13.00 30.40
33300	16.00 30.81
33300	22.50 40030.79
33300	22.60 31.75
33300	23.50 31.80
33300	23.50 40038.60
33300	23.70 38.57
33300	44.60 36.93
33300	48.50 36.82
33300	70.00 36.80
33300	77.00 36.95
35468	-62.30 30.79
35468	-50.00 30.61
35468	-29.40 30.82
35468	-22.60 28.96
35468	-15.70 28.89
35468	-12.50 28.32
35468	-11.50 27.50
35468	-10.20 27.47
35468	-8.60 27.46
35468	-4.00 27.22
35468	-0.00 27.20
35468	3.00 27.10
35468	5.00 27.09
35468	7.00 27.20
35468	10.00 27.36
35468	11.70 27.63
35468	14.30 27.68
35468	17.40 28.29
35468	35.60 35.70
35468	39.60 35.72
35468	44.70 35.65
36096	-85.00 34.11
36096	-70.00 34.08
36096	-59.00 33.90
36096	-53.20 30.69
36096	-47.50 30.68
36096	-37.80 30.41
36096	-30.50 30.00
36096	-29.80 40030.01
36096	-29.60 40027.50
36096	-26.00 27.41
36096	-22.00 26.95
36096	-10.00 26.90
36096	-5.00 26.80
36096	-0.00 26.80
36096	5.00 26.75
36096	10.00 26.75
36096	12.00 26.80
36096	15.50 40026.85
36096	15.70 40030.07
36096	19.90 30.59
36096	33.70 33.12
36096	38.10 33.15
36096	46.00 35.20
37616	-80.00 31.12
37616	-62.00 30.28
37616	-47.80 29.42
37616	-31.10 40024.50
37616	-31.10 40028.07
37616	-26.00 24.51
37616	-20.00 24.48
37616	-15.00 24.40
37616	-10.00 24.39
37616	-5.00 24.40
37616	-0.00 24.38
37616	5.00 24.38
37616	10.00 24.50
37616	15.00 24.58
37616	20.60 24.79
37616	23.20 25.13
37616	25.70 40025.76
37616	26.20 25.77
37616	26.20 40028.08
37616	31.10 28.55
37616	36.10 28.77
37616	38.00 29.00
37616	39.50 30.00
37616	40.70 30.12
37616	41.10 30.88
37616	44.60 31.01
37616	48.60 34.00
37616	54.80 34.02
37616	56.70 32.92
37616	85.00 33.00
37804	-97.00 32.39
37804	-82.00 32.41
37804	-81.40 31.45
37804	-74.60 31.40
37804	-63.70 31.17
37804	-51.70 31.08
37804	-48.20 29.45
37804	-39.00 28.84
37804	-19.20 28.09
37804	-15.40 27.73
37804	-9.30 24.58
37804	-7.00 24.51
37804	-4.10 24.06
37804	-0.00 23.52
37804	2.80 23.44
37804	7.30 23.40
37804	11.40 23.25
37804	17.70 23.37
37804	21.90 23.32
37804	24.40 23.23
37804	27.20 24.08
37804	29.50 25.19
38496	-80.00 31.19
38496	-65.60 31.16
38496	-56.00 31.39
38496	-47.20 31.83
38496	-38.10 32.16
38496	-30.50 28.33
38496	-30.50 40032.22
38496	-30.20 24.25
38496	-30.20 28.33
38496	-29.90 40023.51
38496	-29.90 24.25
38496	-23.00 23.23
38496	-11.80 23.25
38496	-3.00 23.22
38496	-0.00 23.20
38496	4.70 23.23
38496	7.70 23.10
38496	10.00 23.00
38496	16.20 22.95
38496	18.50 23.25
38496	23.00 23.24
38496	25.40 23.60
38496	30.20 24.08
38496	32.50 25.04
38496	33.80 40025.04
38496	33.80 28.35
38496	34.10 28.35
38496	34.10 40032.24
38496	39.80 32.21
38496	45.80 32.21
38496	51.90 32.30
39030	-50.00 30.58
39030	-42.60 29.88
39030	-38.30 28.00
39030	-32.50 25.68
39030	-31.90 25.03
39030	-30.80 24.95
39030	-23.90 24.83
39030	-23.40 40022.77
39030	-23.40 40024.83
39030	-20.00 22.37
39030	-15.00 22.27
39030	-10.00 22.07
39030	-5.00 22.00
39030	-0.00 22.01
39030	4.00 22.07
39030	8.00 22.37
39030	13.00 22.37
39030	18.00 22.47
39030	22.00 22.80
39030	23.50 40022.80
39030	23.50 40024.83
39030	36.20 24.91
39030	41.80 25.15
39030	45.50 28.10
39030	52.30 29.67
39030	61.00 29.68
39030	61.60 30.25
39030	68.60 30.13
39030	69.20 29.74
39030	83.00 29.60
40461	-83.00 25.70
40461	-70.00 25.72
40461	-41.70 25.70
40461	-41.20 26.00
40461	-39.10 26.00
40461	-38.20 26.65
40461	-37.00 26.62
40461	-34.80 40025.49
40461	-30.00 40023.60
40461	-22.70 40020.50
40461	-22.70 40022.75
40461	-21.00 20.35
40461	-17.40 20.20
40461	-14.00 19.83
40461	-10.00 19.72
40461	-6.00 19.74
40461	-3.00 19.90
40461	-0.00 20.10
40461	4.00 20.10
40461	8.00 20.15
40461	13.00 20.33
40461	15.80 20.42
40461	23.00 40020.72
40461	23.00 40023.15
40461	24.30 23.23
40461	38.50 24.79
40461	51.90 26.83
40461	59.00 27.54
40461	59.00 28.14
40461	65.60 28.23
40461	72.50 28.70
40792	-100.70 30.02
40792	-98.80 28.60
40792	-93.90 28.50
40792	-80.00 20.97
40792	-76.10 20020.28
40792	-70.00 20.00
40792	-65.60 19.84
40792	-60.00 19.78
40792	-55.00 19.38
40792	-50.00 19.28
40792	-45.00 19.88
40792	-40.00 19.88
40792	-35.00 19.88
40792	-29.00 20.08
40792	-24.00 20.08
40792	-18.70 20020.28
40792	-11.40 22.32
40792	0.00 22.15
40792	13.30 22.29
40792	15.40 23.23
40792	16.40 23.25
40792	24.00 24.21
40792	27.60 26.39
40792	29.20 26.37
40792	33.90 26.33
40792	34.50 25.90
40792	60.00 25.74
40792	90.00 25.62
41274	-45.00 22.27
41274	-36.00 22.23
41274	-33.10 21.12
41274	-27.80 20.73
41274	-26.80 21.07
41274	-23.00 21.00
41274	-14.80 40019.30
41274	-14.80 40020.90
41274	-0.00 19.10
41274	5.00 19.10
41274	14.80 40019.30
41274	14.80 40020.93
41274	15.00 20.93
41274	28.30 21.68
41274	36.90 22.17
41274	38.40 22.89
41274	52.00 23.70
41274	55.30 24.43
41274	58.40 24.41
41274	62.90 24.47
41274	63.40 24.74
41274	65.50 40024.86
41274	65.50 40026.00
41274	77.00 26.05
42023	-92.00 27.52
42023	-79.00 27.21
42023	-63.00 27.08
42023	-44.20 26.94
42023	-39.20 23.00
42023	-39.20 40027.01
42023	-36.20 40019.20
42023	-36.20 23.00
42023	-33.00 19.14
42023	-31.30 19.14
42023	-27.00 18.40
42023	-23.00 18.30
42023	-20.00 18.30
42023	-17.00 18.10
42023	-14.00 18.00
42023	-11.00 18.00
42023	-9.00 18.20
42023	-7.00 18.60
42023	-4.70 18.70
42023	-0.00 18.60
42023	4.00 18.30
42023	8.50 18.10
42023	11.00 18.10
42023	13.30 18.50
42023	17.00 18.50
42023	20.00 18.40
42023	23.00 18.30
42023	26.70 18.05
42023	30.70 18.07
42023	35.00 18.10
42023	40.00 18.10
42023	45.00 18.20
42023	49.30 40018.45
42023	49.30 19.63
42023	50.00 19.63
42023	50.00 22.80
42023	53.50 22.80
42023	53.50 40026.94
42023	57.80 26.85
42023	75.40 26.36
42023	88.40 26.16
42023	98.10 25.91
42023	106.00 25.91
44054	-70.00 24.81
44054	-42.80 24.80
44054	-41.60 25.35
44054	-39.80 25.35
44054	-38.40 24.50
44054	-31.70 24.55
44054	-20.80 24.34
44054	-20.20 23.72
44054	-14.70 23.65
44054	-12.50 40022.81
44054	-11.90 22.82
44054	-11.80 22.15
44054	-10.30 21.95
44054	-10.20 22.52
44054	-9.30 40022.40
44054	-2.70 22.00
44054	-0.00 20.50
44054	2.50 20017.90
44054	5.00 17.00
44054	8.20 15.50
44054	10.00 15.30
44054	12.70 15.26
44054	15.50 15.20
44054	18.50 15.35
44054	21.30 15.56
44054	24.60 15.11
44054	27.10 15.49
44054	30.00 15.13
44054	33.00 14.83
44054	36.00 14.76
44054	39.00 14.09
44054	41.50 14.24
44054	44.50 14.93
44054	47.10 15.70
44054	50.00 16.06
44054	53.00 16.83
44054	55.00 17.32
44054	57.00 17.51
44054	58.00 17.63
44054	61.00 17.70
44054	64.00 17.70
44054	66.80 20017.90
44054	70.50 20.18
44054	72.60 20.20
44054	75.60 21.58
44054	77.80 21.61
44054	79.00 22.70
44054	80.30 22.47
44054	84.10 22.30
44054	95.30 22.42
44054	120.00 22.50
44054	147.00 22.83
49192	-147.00 22.10
49192	-120.00 22.30
49192	-89.90 20.56
49192	-89.90 40022.49
49192	-88.70 20.55
49192	-88.60 18.82
49192	-84.20 16.07
49192	-83.70 16.07
49192	-83.60 40015.77
49192	-63.00 15.20
49192	-59.60 12.63
49192	-40.00 12.57
49192	-23.30 12.50
49192	0.00 12.57
49192	14.80 12.61
49192	39.40 12.58
49192	47.00 12.51
49192	59.00 12.42
49192	61.00 14.10
49192	62.00 14.14
49192	62.20 16.12
49192	77.50 40015.89
49192	78.00 15.89
49192	83.80 18.40
49192	83.90 20.96
49192	85.10 20.96
49192	85.20 40022.48
49192	111.30 22.14
49192	121.70 22.05
49192	145.00 21.74
54270	-93.00 17.64
54270	-89.20 17.60
54270	-89.10 17.38
54270	-72.80 17.40
54270	-72.70 17.61
54270	-70.00 17.63
54270	-52.90 17.33
54270	-49.50 15.88
54270	-40.60 15.69
54270	-30.00 15.22
54270	-17.90 9.64
54270	-10.40 9.31
54270	0.00 9.16
54270	6.20 9.15
54270	10.90 20008.86
54270	15.10 8.70
54270	19.00 8.62
54270	22.00 8.46
54270	25.00 8.46
54270	28.00 8.16
54270	31.00 7.26
54270	36.00 6.96
54270	41.00 6.76
54270	46.00 6.86
54270	51.00 8.06
54270	56.00 8.46
54270	59.00 8.46
54270	62.00 8.36
54270	65.00 8.64
54270	68.20 20008.86
54270	72.70 9.36
54270	79.80 13.55
54270	82.20 40013.65
54270	82.30 14.74
54270	84.00 14.78
54270	84.10 40013.87
54270	84.80 13.90
54270	86.50 14.60
56098	-148.00 19.55
56098	-116.30 19.04
56098	-98.90 19.04
56098	-98.80 19.20
56098	-94.60 19.22
56098	-90.10 18.13
56098	-82.80 17.74
56098	-81.90 16.74
56098	-65.20 16.44
56098	-41.60 15.40
56098	-26.50 14.24
56098	-7.20 13.80
56098	-4.00 11.85
56098	0.00 11.80
56098	6.70 8.81
56098	9.50 20008.44
56098	12.00 7.74
56098	14.00 7.24
56098	18.00 7.14
56098	23.00 7.44
56098	27.00 7.72
56098	29.40 8.22
56098	32.60 20008.44
56098	37.10 9.62
56098	67.30 9.95
56098	69.60 10.68
56098	70.70 13.32
56098	77.50 14.50
56098	83.40 14.70
56098	91.00 15.53
56098	104.10 20.51
56098	107.00 20.50
56098	112.70 20.00
56098	124.00 15.22
57044	-136.70 20.11
57044	-111.90 20.44
57044	-89.90 18.34
57044	-89.90 40020.65
57044	-89.10 17.80
57044	-89.10 18.34
57044	-83.80 40015.08
57044	-66.70 11.72
57044	-45.00 11.68
57044	-33.20 11.56
57044	-29.50 11.43
57044	-21.60 9.97
57044	-14.60 9.62
57044	0.00 9.62
57044	9.80 9.50
57044	14.80 20008.30
57044	18.00 6.90
57044	20.00 6.50
57044	22.00 6.50
57044	24.00 6.80
57044	26.40 20008.30
57044	30.00 9.98
57044	35.70 10.00
57044	41.30 8.63
57044	44.60 8.72
57044	57.70 11.04
57044	67.20 11.37
57044	67.70 12.33
57044	72.40 12.41
57044	73.80 12.81
57044	76.80 12.85
57044	81.30 40013.15
57044	90.00 18.58
57044	90.10 40020.73
57044	111.60 20.15
57044	142.50 19.48
68634	-150.00 21.97
68634	-124.00 21.90
68634	-112.00 21.63
68634	-81.00 21.43
68634	-65.60 40014.50
68634	-65.60 40021.40
68634	-52.50 14.56
68634	-51.00 4.57
68634	-51.00 40014.07
68634	-42.50 16.30
68634	-42.50 4.57
68634	-37.00 4.68
68634	-37.00 16.30
68634	0.00 4.69
68634	37.30 4.70
68634	37.30 16.10
68634	37.80 40016.10
68634	40.80 16.38
68634	47.50 16.52
68634	56.90 40016.60
68634	56.90 40021.50
68634	83.60 21.03
68634	96.00 20.80
68634	108.20 20.16
68634	124.40 19.33
